{
 "cells": [
  {
   "cell_type": "code",
   "execution_count": 9,
   "metadata": {},
   "outputs": [
    {
     "data": {
      "text/html": [
       "<div>\n",
       "<style scoped>\n",
       "    .dataframe tbody tr th:only-of-type {\n",
       "        vertical-align: middle;\n",
       "    }\n",
       "\n",
       "    .dataframe tbody tr th {\n",
       "        vertical-align: top;\n",
       "    }\n",
       "\n",
       "    .dataframe thead th {\n",
       "        text-align: right;\n",
       "    }\n",
       "</style>\n",
       "<table border=\"1\" class=\"dataframe\">\n",
       "  <thead>\n",
       "    <tr style=\"text-align: right;\">\n",
       "      <th></th>\n",
       "      <th>gender</th>\n",
       "      <th>age</th>\n",
       "      <th>education</th>\n",
       "      <th>x1</th>\n",
       "      <th>x2</th>\n",
       "      <th>x3</th>\n",
       "    </tr>\n",
       "  </thead>\n",
       "  <tbody>\n",
       "    <tr>\n",
       "      <th>0</th>\n",
       "      <td>2</td>\n",
       "      <td>23</td>\n",
       "      <td>3</td>\n",
       "      <td>1</td>\n",
       "      <td>0</td>\n",
       "      <td>0</td>\n",
       "    </tr>\n",
       "    <tr>\n",
       "      <th>1</th>\n",
       "      <td>2</td>\n",
       "      <td>23</td>\n",
       "      <td>3</td>\n",
       "      <td>1</td>\n",
       "      <td>0</td>\n",
       "      <td>0</td>\n",
       "    </tr>\n",
       "    <tr>\n",
       "      <th>2</th>\n",
       "      <td>1</td>\n",
       "      <td>18</td>\n",
       "      <td>2</td>\n",
       "      <td>0</td>\n",
       "      <td>0</td>\n",
       "      <td>0</td>\n",
       "    </tr>\n",
       "    <tr>\n",
       "      <th>3</th>\n",
       "      <td>2</td>\n",
       "      <td>18</td>\n",
       "      <td>2</td>\n",
       "      <td>1</td>\n",
       "      <td>0</td>\n",
       "      <td>0</td>\n",
       "    </tr>\n",
       "    <tr>\n",
       "      <th>4</th>\n",
       "      <td>2</td>\n",
       "      <td>19</td>\n",
       "      <td>2</td>\n",
       "      <td>0</td>\n",
       "      <td>0</td>\n",
       "      <td>0</td>\n",
       "    </tr>\n",
       "  </tbody>\n",
       "</table>\n",
       "</div>"
      ],
      "text/plain": [
       "   gender  age  education  x1  x2  x3\n",
       "0       2   23          3   1   0   0\n",
       "1       2   23          3   1   0   0\n",
       "2       1   18          2   0   0   0\n",
       "3       2   18          2   1   0   0\n",
       "4       2   19          2   0   0   0"
      ]
     },
     "execution_count": 9,
     "metadata": {},
     "output_type": "execute_result"
    }
   ],
   "source": [
    "import pandas as pd\n",
    "#from sklearn.neighbors import KNeighborsRegressor\n",
    "#from sklearn.linear_model import LinearRegression, LogisticRegression\n",
    "#from sklearn.svm import SVR\n",
    "#from sklearn.ensemble import RandomForestRegressor\n",
    "#from sklearn.metrics import r2_score\n",
    "#from sklearn.cross_validation import train_test_split\n",
    "import matplotlib.pyplot as plt\n",
    "import pylab\n",
    "\n",
    "data = pd.read_csv('D:\\\\normalized db.csv', ';')\n",
    "data.head()"
   ]
  },
  {
   "cell_type": "code",
   "execution_count": 10,
   "metadata": {},
   "outputs": [],
   "source": [
    "#print (data.corr())\n",
    "df=data.loc[data['age']==18]\n",
    "#plt.scatter(data['age'], data['x1'])\n",
    "#plt.hist(data['age'])\n",
    "#plt.hist(data['education'])\n",
    "#plt.hist(data['gender'])\n",
    "#plt.show()\n",
    "#print (data.describe())\n",
    "#data['age'].plot()\n",
    "f = {'gender':['count']}\n",
    "\n",
    "#data.groupby('age').agg(f)\n",
    "#print (data.groupby('age').agg(count()))\n",
    "#print (14/7)\n",
    "#print (data)"
   ]
  },
  {
   "cell_type": "code",
   "execution_count": 11,
   "metadata": {},
   "outputs": [
    {
     "name": "stdout",
     "output_type": "stream",
     "text": [
      "       gender   age  education         x1         x2         x3\n",
      "count    28.0  28.0       28.0  28.000000  28.000000  28.000000\n",
      "mean      1.0  18.0        3.0   0.107143   0.500000   0.250000\n",
      "std       0.0   0.0        0.0   0.314970   0.509175   0.440959\n",
      "min       1.0  18.0        3.0   0.000000   0.000000   0.000000\n",
      "25%       1.0  18.0        3.0   0.000000   0.000000   0.000000\n",
      "50%       1.0  18.0        3.0   0.000000   0.500000   0.000000\n",
      "75%       1.0  18.0        3.0   0.000000   1.000000   0.250000\n",
      "max       1.0  18.0        3.0   1.000000   1.000000   1.000000\n",
      "       gender   age  education         x1         x2         x3\n",
      "count    54.0  54.0       54.0  54.000000  54.000000  54.000000\n",
      "mean      2.0  18.0        3.0   0.351852   0.425926   0.259259\n",
      "std       0.0   0.0        0.0   0.482032   0.499126   0.442343\n",
      "min       2.0  18.0        3.0   0.000000   0.000000   0.000000\n",
      "25%       2.0  18.0        3.0   0.000000   0.000000   0.000000\n",
      "50%       2.0  18.0        3.0   0.000000   0.000000   0.000000\n",
      "75%       2.0  18.0        3.0   1.000000   1.000000   0.750000\n",
      "max       2.0  18.0        3.0   1.000000   1.000000   1.000000\n",
      "             gender       age  education        x1        x2        x3\n",
      "gender     1.000000  0.116073   0.118249  0.184874 -0.022896 -0.017027\n",
      "age        0.116073  1.000000   0.735391  0.116433 -0.021147 -0.019799\n",
      "education  0.118249  0.735391   1.000000  0.152914 -0.005896 -0.098808\n",
      "x1         0.184874  0.116433   0.152914  1.000000 -0.171754 -0.409146\n",
      "x2        -0.022896 -0.021147  -0.005896 -0.171754  1.000000 -0.280708\n",
      "x3        -0.017027 -0.019799  -0.098808 -0.409146 -0.280708  1.000000\n",
      "              0              1              2             3             4  \\\n",
      "0  0.000000e+00   6.213473e-06   4.138244e-06  4.631345e-13  3.742651e-01   \n",
      "1  6.213473e-06   0.000000e+00  8.586254e-257  5.811767e-06  4.118712e-01   \n",
      "2  4.138244e-06  8.586254e-257   0.000000e+00  2.397259e-09  8.190362e-01   \n",
      "3  4.631345e-13   5.811767e-06   2.397259e-09  0.000000e+00  1.892007e-11   \n",
      "4  3.742651e-01   4.118712e-01   8.190362e-01  1.892007e-11  0.000000e+00   \n",
      "5  5.088111e-01   4.423141e-01   1.214274e-04  6.139481e-62  1.049531e-28   \n",
      "\n",
      "              5  \n",
      "0  5.088111e-01  \n",
      "1  4.423141e-01  \n",
      "2  1.214274e-04  \n",
      "3  6.139481e-62  \n",
      "4  1.049531e-28  \n",
      "5  0.000000e+00  \n"
     ]
    }
   ],
   "source": [
    "import numpy as np\n",
    "from scipy import stats\n",
    "data['age'].describe()\n",
    "#df=data.loc[data['education']==2]\n",
    "df=data.loc[data['age']==18]\n",
    "\n",
    "df1=data.loc[data['education']==3]\n",
    "#df1=data\n",
    "df5=df1.loc[df1['age']==18]\n",
    "#print (df5.head())\n",
    "df3=df5.loc[df5['gender']==2]\n",
    "df4=df5.loc[df5['gender']==1]\n",
    "print (df4.describe())\n",
    "print (df3.describe())\n",
    "#df=data.drop(['education', 'gender'], axis=1)\n",
    "#df.loc[df['age'] < 18, 'age'] = 0\n",
    "#df.loc[df['age'] > ([18, 19, 20, 21, 22]), 'age'] = 1\n",
    "#df.loc[df['age'] > 22 and df['age'] < 26, 'age'] = 2\n",
    "#df.loc[df['age'] > 26, 'age'] = 3\n",
    "#df1=data.loc[data['education']==2]\n",
    "#df1=data.loc[data['age'] == 14] \n",
    "#df['stage'] = pd.cut(df.age, bins=[14, 18, 22, 26,  np.inf], labels=[0, 1, 2, 3])\n",
    "#df1['age']=(pd.cut(df.age, bins=[14, 18, 22, 26, np.inf], labels=[0, 1, 2, 3], right=True))\n",
    "#df1['ge']=pd.cut(df.age, bins=[14, 18, 22, 26, np.inf], labels=False, right=True) + 1\n",
    "#df1['edu']=(pd.cut(df.education, bins=[1, 2, np.inf], labels=False, right=True)  +1 )\n",
    "#df.loc[df['education'] == 1, 'edu'] = 0\n",
    "#df.loc[df['education'] == 3, 'edu'] = 1\n",
    "#df.loc[df['education'] == 2, 'edu'] = 1\n",
    "#df1.corr()\n",
    "#df1.head()\n",
    "#print (df)\n",
    "#print (df1)\n",
    "#f1=df\n",
    "#print (data.corr())\n",
    "df=data\n",
    "mat = df.values.T\n",
    "K = len(df.columns)\n",
    "correl = np.empty((K,K), dtype=float)\n",
    "p_vals = np.empty((K,K), dtype=float)\n",
    "\n",
    "for i, ac in enumerate(mat):\n",
    "    for j, bc in enumerate(mat):\n",
    "        if i > j:\n",
    "            continue\n",
    "        else:\n",
    "            corr = stats.pearsonr(ac, bc)\n",
    "            #corr = stats.kendalltau(ac, bc)\n",
    "\n",
    "        correl[i,j] = corr[0]\n",
    "        correl[j,i] = corr[0]\n",
    "        p_vals[i,j] = corr[1]\n",
    "        p_vals[j,i] = corr[1]\n",
    "\n",
    "df_p = pd.DataFrame(p_vals)\n",
    "df_corr = pd.DataFrame(correl)\n",
    "#df.describe()\n",
    "print (df.corr())\n",
    "print (df_p)\n",
    "#(df.corr()).to_csv'D:\\\\df_corr.csv', ';')\n",
    "write=df.corr()\n"
   ]
  },
  {
   "cell_type": "code",
   "execution_count": 74,
   "metadata": {},
   "outputs": [
    {
     "name": "stdout",
     "output_type": "stream",
     "text": [
      "14 возраст\n",
      "           gender  education  x1  x2  x3\n",
      "gender        NaN        NaN NaN NaN NaN\n",
      "education     NaN        NaN NaN NaN NaN\n",
      "x1            NaN        NaN NaN NaN NaN\n",
      "x2            NaN        NaN NaN NaN NaN\n",
      "x3            NaN        NaN NaN NaN NaN\n",
      "    0   1   2   3   4\n",
      "0 NaN NaN NaN NaN NaN\n",
      "1 NaN NaN NaN NaN NaN\n",
      "2 NaN NaN NaN NaN NaN\n",
      "3 NaN NaN NaN NaN NaN\n",
      "4 NaN NaN NaN NaN NaN\n",
      "15 возраст\n",
      "           gender  education  x1  x2  x3\n",
      "gender        NaN        NaN NaN NaN NaN\n",
      "education     NaN        NaN NaN NaN NaN\n",
      "x1            NaN        NaN NaN NaN NaN\n",
      "x2            NaN        NaN NaN NaN NaN\n",
      "x3            NaN        NaN NaN NaN NaN\n",
      "    0   1   2   3   4\n",
      "0 NaN NaN NaN NaN NaN\n",
      "1 NaN NaN NaN NaN NaN\n",
      "2 NaN NaN NaN NaN NaN\n",
      "3 NaN NaN NaN NaN NaN\n",
      "4 NaN NaN NaN NaN NaN\n",
      "16 возраст\n",
      "             gender  education        x1        x2        x3\n",
      "gender     1.000000        NaN  0.050965 -0.492063  0.422890\n",
      "education       NaN        NaN       NaN       NaN       NaN\n",
      "x1         0.050965        NaN  1.000000  0.220847 -0.522233\n",
      "x2        -0.492063        NaN  0.220847  1.000000 -0.683130\n",
      "x3         0.422890        NaN -0.522233 -0.683130  1.000000\n",
      "          0    1         2         3         4\n",
      "0  0.000000  1.0  0.851313  0.052856  0.102683\n",
      "1  1.000000  1.0  1.000000  1.000000  1.000000\n",
      "2  0.851313  1.0  0.000000  0.411104  0.037972\n",
      "3  0.052856  1.0  0.411104  0.000000  0.003535\n",
      "4  0.102683  1.0  0.037972  0.003535  0.000000\n",
      "17 возраст\n",
      "             gender  education        x1        x2        x3\n",
      "gender     1.000000        NaN -0.113228 -0.455597  0.211921\n",
      "education       NaN        NaN       NaN       NaN       NaN\n",
      "x1        -0.113228        NaN  1.000000 -0.023125 -0.330289\n",
      "x2        -0.455597        NaN -0.023125  1.000000 -0.420084\n",
      "x3         0.211921        NaN -0.330289 -0.420084  1.000000\n",
      "          0    1         2         3         4\n",
      "0  0.000000  1.0  0.566185  0.014835  0.278981\n",
      "1  1.000000  1.0  1.000000  1.000000  1.000000\n",
      "2  0.566185  1.0  0.000000  0.907017  0.086053\n",
      "3  0.014835  1.0  0.907017  0.000000  0.026038\n",
      "4  0.278981  1.0  0.086053  0.026038  0.000000\n",
      "18 возраст\n",
      "             gender  education        x1        x2        x3\n",
      "gender     1.000000        NaN  0.261902 -0.070589  0.010060\n",
      "education       NaN        NaN       NaN       NaN       NaN\n",
      "x1         0.261902        NaN  1.000000 -0.272513 -0.355288\n",
      "x2        -0.070589        NaN -0.272513  1.000000 -0.251295\n",
      "x3         0.010060        NaN -0.355288 -0.251295  1.000000\n",
      "          0    1         2         3         4\n",
      "0  0.000000  1.0  0.017461  0.528576  0.928528\n",
      "1  1.000000  1.0  1.000000  1.000000  1.000000\n",
      "2  0.017461  1.0  0.000000  0.013253  0.001055\n",
      "3  0.528576  1.0  0.013253  0.000000  0.022767\n",
      "4  0.928528  1.0  0.001055  0.022767  0.000000\n",
      "19 возраст\n",
      "             gender  education        x1        x2        x3\n",
      "gender     1.000000        NaN  0.062856  0.057321 -0.161528\n",
      "education       NaN        NaN       NaN       NaN       NaN\n",
      "x1         0.062856        NaN  1.000000 -0.184230 -0.341882\n",
      "x2         0.057321        NaN -0.184230  1.000000 -0.242120\n",
      "x3        -0.161528        NaN -0.341882 -0.242120  1.000000\n",
      "          0    1         2         3         4\n",
      "0  0.000000  1.0  0.567670  0.602315  0.139708\n",
      "1  1.000000  1.0  1.000000  1.000000  1.000000\n",
      "2  0.567670  1.0  0.000000  0.091440  0.001363\n",
      "3  0.602315  1.0  0.091440  0.000000  0.025581\n",
      "4  0.139708  1.0  0.001363  0.025581  0.000000\n",
      "20 возраст\n",
      "             gender  education        x1        x2        x3\n",
      "gender     1.000000        NaN  0.146214 -0.127050  0.009689\n",
      "education       NaN        NaN       NaN       NaN       NaN\n",
      "x1         0.146214        NaN  1.000000 -0.403927 -0.469856\n",
      "x2        -0.127050        NaN -0.403927  1.000000 -0.162734\n",
      "x3         0.009689        NaN -0.469856 -0.162734  1.000000\n",
      "          0    1         2         3         4\n",
      "0  0.000000  1.0  0.204489  0.270857  0.933350\n",
      "1  1.000000  1.0  1.000000  1.000000  1.000000\n",
      "2  0.204489  1.0  0.000000  0.000269  0.000016\n",
      "3  0.270857  1.0  0.000269  0.000000  0.157339\n",
      "4  0.933350  1.0  0.000016  0.157339  0.000000\n",
      "21 возраст\n",
      "             gender  education        x1        x2        x3\n",
      "gender     1.000000        NaN  0.054115  0.085361 -0.055195\n",
      "education       NaN        NaN       NaN       NaN       NaN\n",
      "x1         0.054115        NaN  1.000000 -0.292230 -0.417915\n",
      "x2         0.085361        NaN -0.292230  1.000000 -0.085361\n",
      "x3        -0.055195        NaN -0.417915 -0.085361  1.000000\n",
      "          0    1         2         3         4\n",
      "0  0.000000  1.0  0.598580  0.405788  0.591290\n",
      "1  1.000000  1.0  1.000000  1.000000  1.000000\n",
      "2  0.598580  1.0  0.000000  0.003678  0.000021\n",
      "3  0.405788  1.0  0.003678  0.000000  0.405788\n",
      "4  0.591290  1.0  0.000021  0.405788  0.000000\n",
      "22 возраст\n",
      "             gender  education        x1        x2        x3\n",
      "gender     1.000000        NaN  0.075048 -0.180542  0.371575\n",
      "education       NaN        NaN       NaN       NaN       NaN\n",
      "x1         0.075048        NaN  1.000000  0.091549 -0.389518\n",
      "x2        -0.180542        NaN  0.091549  1.000000 -0.400225\n",
      "x3         0.371575        NaN -0.389518 -0.400225  1.000000\n",
      "          0    1         2         3         4\n",
      "0  0.000000  1.0  0.640973  0.258648  0.016757\n",
      "1  1.000000  1.0  1.000000  1.000000  1.000000\n",
      "2  0.640973  1.0  0.000000  0.569174  0.011826\n",
      "3  0.258648  1.0  0.569174  0.000000  0.009519\n",
      "4  0.016757  1.0  0.011826  0.009519  0.000000\n",
      "23 возраст\n",
      "             gender  education        x1        x2        x3\n",
      "gender     1.000000        NaN  0.002653  0.163543  0.041774\n",
      "education       NaN        NaN       NaN       NaN       NaN\n",
      "x1         0.002653        NaN  1.000000 -0.475761 -0.217226\n",
      "x2         0.163543        NaN -0.475761  1.000000  0.046829\n",
      "x3         0.041774        NaN -0.217226  0.046829  1.000000\n",
      "          0    1         2         3         4\n",
      "0  0.000000  1.0  0.986699  0.300725  0.792804\n",
      "1  1.000000  1.0  1.000000  1.000000  1.000000\n",
      "2  0.986699  1.0  0.000000  0.001450  0.167014\n",
      "3  0.300725  1.0  0.001450  0.000000  0.768383\n",
      "4  0.792804  1.0  0.167014  0.768383  0.000000\n",
      "24 возраст\n",
      "             gender  education        x1        x2        x3\n",
      "gender     1.000000        NaN  0.160538  0.114993 -0.105961\n",
      "education       NaN        NaN       NaN       NaN       NaN\n",
      "x1         0.160538        NaN  1.000000 -0.112777 -0.752618\n",
      "x2         0.114993        NaN -0.112777  1.000000  0.014712\n",
      "x3        -0.105961        NaN -0.752618  0.014712  1.000000\n",
      "          0    1         2         3         4\n",
      "0  0.000000  1.0  0.388290  0.537899  0.570496\n",
      "1  1.000000  1.0  1.000000  1.000000  1.000000\n",
      "2  0.388290  1.0  0.000000  0.545813  0.000001\n",
      "3  0.537899  1.0  0.545813  0.000000  0.937389\n",
      "4  0.570496  1.0  0.000001  0.937389  0.000000\n",
      "25 возраст\n",
      "             gender  education        x1        x2        x3\n",
      "gender     1.000000        NaN  0.022350  0.030031  0.030031\n",
      "education       NaN        NaN       NaN       NaN       NaN\n",
      "x1         0.022350        NaN  1.000000 -0.005168 -0.604669\n",
      "x2         0.030031        NaN -0.005168  1.000000 -0.288889\n",
      "x3         0.030031        NaN -0.604669 -0.288889  1.000000\n",
      "          0    1         2         3         4\n",
      "0  0.000000  1.0  0.908385  0.877102  0.877102\n",
      "1  1.000000  1.0  1.000000  1.000000  1.000000\n",
      "2  0.908385  1.0  0.000000  0.978773  0.000512\n",
      "3  0.877102  1.0  0.978773  0.000000  0.128536\n",
      "4  0.877102  1.0  0.000512  0.128536  0.000000\n",
      "26 возраст\n",
      "             gender  education        x1        x2        x3\n",
      "gender     1.000000        NaN  0.218218 -0.258199  0.192450\n",
      "education       NaN        NaN       NaN       NaN       NaN\n",
      "x1         0.218218        NaN  1.000000 -0.169031 -0.377964\n",
      "x2        -0.258199        NaN -0.169031  1.000000 -0.447214\n",
      "x3         0.192450        NaN -0.377964 -0.447214  1.000000\n",
      "          0    1         2         3         4\n",
      "0  0.000000  1.0  0.305652  0.223158  0.367619\n",
      "1  1.000000  1.0  1.000000  1.000000  1.000000\n",
      "2  0.305652  1.0  0.000000  0.429774  0.068603\n",
      "3  0.223158  1.0  0.429774  0.000000  0.028444\n",
      "4  0.367619  1.0  0.068603  0.028444  0.000000\n",
      "27 возраст\n",
      "             gender  education        x1        x2        x3\n",
      "gender     1.000000        NaN -0.022556 -0.133798  0.433555\n",
      "education       NaN        NaN       NaN       NaN       NaN\n",
      "x1        -0.022556        NaN  1.000000 -0.040139 -0.606977\n",
      "x2        -0.133798        NaN -0.040139  1.000000 -0.154303\n",
      "x3         0.433555        NaN -0.606977 -0.154303  1.000000\n",
      "          0    1         2         3         4\n",
      "0  0.000000  1.0  0.912907  0.514643  0.026919\n",
      "1  1.000000  1.0  1.000000  1.000000  1.000000\n",
      "2  0.912907  1.0  0.000000  0.845641  0.001009\n",
      "3  0.514643  1.0  0.845641  0.000000  0.451675\n",
      "4  0.026919  1.0  0.001009  0.451675  0.000000\n",
      "28 возраст\n",
      "             gender  education        x1        x2        x3\n",
      "gender     1.000000        NaN  0.085280 -0.383761  0.145455\n",
      "education       NaN        NaN       NaN       NaN       NaN\n",
      "x1         0.085280        NaN  1.000000 -0.300000 -0.533002\n",
      "x2        -0.383761        NaN -0.300000  1.000000 -0.213201\n",
      "x3         0.145455        NaN -0.533002 -0.213201  1.000000\n",
      "          0    1         2         3         4\n",
      "0  0.000000  1.0  0.591281  0.012111  0.358040\n",
      "1  1.000000  1.0  1.000000  1.000000  1.000000\n",
      "2  0.591281  1.0  0.000000  0.053573  0.000279\n",
      "3  0.012111  1.0  0.053573  0.000000  0.175212\n",
      "4  0.358040  1.0  0.000279  0.175212  0.000000\n"
     ]
    }
   ],
   "source": [
    "#df['stage']=(pd.cut(df.age, bins=[14, 18, 22, 26, np.inf], labels=False, right=True) + 1)\n",
    "#print (df1)\n",
    "###df1=df1[df1['age'] != 23]\n",
    "#df2=df1.loc[df1['gender']==2]\n",
    "#df3=df1.loc[df1['gender']==1]\n",
    "#print (df3['age'].describe())\n",
    "#print (df2['age'].describe())\n",
    "##print (df3.describe())\n",
    "#df1=data.loc[data['age'] == 16] \n",
    "#R=[]\n",
    "#y=[]\n",
    "#m=[]\n",
    "x3=[]\n",
    "x1=[]\n",
    "x2=[]\n",
    "x1age=[]\n",
    "x2age=[]\n",
    "x3age=[]\n",
    "age=[]\n",
    "#woom=[]\n",
    "x11=[]\n",
    "x12=[]\n",
    "x13=[]\n",
    "#men=[]\n",
    "#print (df1.corr())\n",
    "#df1=data.drop(['age'], axis=1)\n",
    "#print (df1)\n",
    "#df1=data.copy()\n",
    "df1=data.loc[data['education']==3]\n",
    "#df1=data\n",
    "#print (data.loc[data['age']==26])\n",
    "x=14\n",
    "for i in range (15):\n",
    "    print (x, 'возраст')\n",
    "    df=df1.loc[df1['age'] == x] \n",
    "    #dfm=df.loc[df['gender'] == 1]\n",
    "    #dfw=df.loc[df['gender'] == 2]\n",
    "    #dfw=dfw.drop[dfw[0], axis=0]\n",
    "    #dfc=df.drop(['education', 'x1', ], axis=1)\n",
    "    #dfw=dfw['x3'].value_counts()\n",
    "    #dfm=dfm['x3'].value_counts() \n",
    "    #print (dfm)\n",
    "    #print (dfw)\n",
    "    #try:\n",
    "     #   men.append(dfm.loc[1])\n",
    "        \n",
    "        \n",
    "    #except:\n",
    "     #   men.append(0)\n",
    "    #try:\n",
    "      #  woom.append(dfw.loc[1])\n",
    "   # except:    \n",
    "    #    woom.append(0)\n",
    "     #   print (dfw, x, 'lol')\n",
    "    #men.append(dfm.loc[1])\n",
    "    \n",
    "    #print (dfm[1])\n",
    "    #print (dfm)\n",
    "    age.append(x)\n",
    "    \n",
    "    df=df.drop(['age'], axis=1)\n",
    "    dft=df.corr()\n",
    "    x11.append(dft['gender']['x1'])\n",
    "    x12.append(dft['gender']['x2'])\n",
    "    x13.append(dft['gender']['x3'])\n",
    "    \n",
    "    print (dft)\n",
    "    #print (dft.loc['x1', 'gender'])\n",
    "    #R.append(dft.loc['x1', 'gender'])\n",
    "    #print (df.describe())\n",
    "    #print (df2.corr())\n",
    "    #print (x)\n",
    "    #print (x)\n",
    "    #print (df.describe())\n",
    "    x+=1\n",
    "    mat = df.values.T\n",
    "    K = len(df.columns)\n",
    "    correl = np.empty((K,K), dtype=float)\n",
    "    p_vals = np.empty((K,K), dtype=float)\n",
    "\n",
    "    for i, ac in enumerate(mat):\n",
    "        for j, bc in enumerate(mat):\n",
    "            if i > j:\n",
    "                continue\n",
    "            else:\n",
    "                corr = stats.pearsonr(ac, bc)\n",
    "                #corr = stats.kendalltau(ac, bc)\n",
    "\n",
    "            correl[i,j] = corr[0]\n",
    "            correl[j,i] = corr[0]\n",
    "            p_vals[i,j] = corr[1]\n",
    "            p_vals[j,i] = corr[1]\n",
    "\n",
    "    df_p = pd.DataFrame(p_vals)\n",
    "    df_corr = pd.DataFrame(correl)\n",
    "    #print (df.corr())\n",
    "    \n",
    "    if df_p[0][2]<0.06:\n",
    "        x1.append(dft['gender']['x1'])\n",
    "        x1age.append(x-1)\n",
    "    if df_p[0][3]<0.06:\n",
    "        x2.append(dft['gender']['x2'])\n",
    "        x2age.append(x-1)\n",
    "    if df_p[0][4]<0.06:\n",
    "        x3.append(dft['gender']['x3'])\n",
    "        x3age.append(x-1)\n",
    "    print (df_p)\n",
    "    #print (df_p[1])\n",
    "    #print (dft([0]))\n",
    "    #str(x)=x\n",
    "    #print (15)\n",
    "    #print (x)\n",
    "#df21=data.loc[data['education']==3]\n",
    "#df22=df1.loc[df1['gender']==2]\n",
    "#df32=df1.loc[df1['gender']==1]\n",
    "#print (df32['age'].describe())\n",
    "#print (df22['age'].describe())\n",
    "#print (df22.head())\n",
    "#df31=data.loc[data['education']==1]\n",
    "#df31=df31[df31.age != 23]\n",
    "#df23=df1.loc[df1['gender']==2]\n",
    "#df33=df1.loc[df1['gender']==1]\n",
    "#print (df33['age'].describe())\n",
    "#print (df23['age'].describe())\n",
    "#print (df31.describe())\n",
    "#dfbest=df31.loc[df31['age']==23]\n",
    "#print (dfbest)\n",
    "#for i in df32['age']:\n",
    "  #  print (i)\n",
    "import numpy as np\n",
    "from scipy import stats\n",
    "#print (w)\n",
    "#print (y)\n",
    "#print (len(age))\n",
    "#print (len(woom))\n",
    "#print (len(men))\n",
    "#print (woom)"
   ]
  },
  {
   "cell_type": "code",
   "execution_count": 75,
   "metadata": {},
   "outputs": [
    {
     "name": "stdout",
     "output_type": "stream",
     "text": [
      "1.0\n",
      "0.08528028654224415\n",
      "29\n",
      "[0.2619020289332246]\n",
      "[18]\n",
      "[-0.49206349206349204, -0.45559730210631033, -0.3837612894400987]\n",
      "[16, 17, 28]\n",
      "[0.37157527073014684, 0.43355498476205995]\n",
      "[22, 27]\n",
      "[nan, nan, 0.050964719143762556, -0.1132277034144596, 0.2619020289332246, 0.06285579852709314, 0.14621362348078304, 0.054114632454030635, 0.07504787743864559, 0.002652519893899262, 0.16053821376921548, 0.022349507813383646, 0.21821789023599236, -0.02255639097744362, 0.08528028654224415]\n"
     ]
    }
   ],
   "source": [
    "#ex=df1.loc[df1['age']==22]\n",
    "print (df_p[1][4])\n",
    "print (dft['gender']['x1'])\n",
    "print (x)\n",
    "#i={1:22, 2:33, 3:44, 4:55}\n",
    "#plt.plot(i)\n",
    "#plt.show()\n",
    "print (x1)\n",
    "print (x1age)\n",
    "print (x2)\n",
    "print (x2age)\n",
    "print (x3)\n",
    "print (x3age)\n",
    "print (x11)"
   ]
  },
  {
   "cell_type": "code",
   "execution_count": 72,
   "metadata": {},
   "outputs": [
    {
     "data": {
